# TODO: REPLACE THIS WITH REAL NUMBERS
metadata:
  device: "Kinect"
  calibration_date: "2025-11-21"
  notes: ""

color_intrinsics:
  width: 1280
  height: 720
  fx: 612.6083984375
  fy: 612.3465576171875
  cx: 640.0309448242188
  cy: 369.1649475097656
  distortion: [ 0.6679244637489319, -2.6938982009887695, 0.0009035157854668796, -0.0001931091828737408, 1.4591891765594482, 0.5460429191589355, -2.528550148010254, 1.3961073160171509 ]

depth_intrinsics:
  width: 640
  height: 576
  fx: 504.4606628417969
  fy: 504.5732727050781
  cx: 326.3236083984375
  cy: 327.06951904296875
  distortion: [ 6.598687648773193, 4.600961685180664, -0.00011495940270833671, 8.26675386633724e-05, 0.24227312207221985, 6.924774169921875, 6.820844650268555, 1.2662529945373535 ]
  model: "brown" # distortion vector is device-native (8 params)

T_color_depth:
  [[ 0.9999961853027344,  0.002195144072175026, -0.0016914333682507277, -3.211314010620117e-05 ],
    [-0.002025894122198224,  0.9955433011054993,  0.09428367018699646, -2.1186370849609375e-06 ],
    [ 0.0018908614292740822, -0.09427987784147263,  0.9955439567565918,  3.977994918823242e-06 ],
    [ 0.0,       0.0,       0.0,       1.0    ]]
